 P O L A N    of  FEBRUARY 1993.     Data file: ../examples/in.   Run: 20180516.

Chapman Layer, E + F.       FH-1.20  Dip 20.0    Amode  0.0  Valy  0.00  List 0

(A) Accurate data.          Start = -1.000

Input data
  1.00  91.7    1.20  96.2    1.60 100.2    1.80 102.1    2.00 103.9    2.20 106.0    2.40 108.2
  2.60 110.8    2.80 114.0    2.90 115.9    3.00 118.2    3.10 120.9    3.20 124.2    3.30 129.2
  3.35 132.5    3.40 136.9    3.45 143.7    3.50 157.1    3.54   0.0    3.60 276.0    3.70 247.8
  3.80 236.8    3.90 231.1    4.00 228.0    4.10 226.4    4.20 225.7    4.30 225.8    4.40 226.4
  4.60 228.8    4.80 232.5    5.00 237.2    5.20 242.9    5.30 246.0    5.40 249.7    5.50 253.3
  5.60 257.6    5.70 261.5    5.80 266.9    5.90 272.0    6.00 278.0    6.20 291.7    6.30 300.0
  6.40 309.6    6.50 320.9    6.60 334.8    6.70 352.8    6.80 378.3    6.90 422.0    7.00   0.0
PEAK  3.529 (0.011) MHz,  Height 115.8 ( 0.3) km.    ScaleHt 11.9 ( 0.4) km  SlabT  15.2 km
 2 Valley  22.1 km wide,  0.08 MHz deep.  Devn 0.92 km.  7 terms fit  7 O + 0 X + 4.  hx= 141.2
PEAK  6.999 (0.009) MHz,  Height 250.1 ( 0.4) km.    ScaleHt 59.7 ( 0.5) km  SlabT  86.8 km

Real Heights
  1.00  91.7    1.20  92.9    1.60  95.2    1.80  96.3    2.00  97.5    2.20  98.6    2.40  99.9
  2.60 101.2    2.80 102.7    2.90 103.5    3.00 104.4    3.10 105.4    3.20 106.5    3.30 107.9
  3.35 108.8    3.40 109.8    3.45 111.1    3.50 112.9    3.52 114.4    3.53 115.8    3.51 119.3
  3.45 122.7    3.45 131.8    3.53 138.0    3.60 141.2    3.70 144.6    3.80 147.3    3.90 149.6
  4.00 151.9    4.10 154.0    4.20 156.0    4.30 158.0    4.40 160.0    4.60 163.9    4.80 167.7
  5.00 171.6    5.20 175.6    5.30 177.6    5.40 179.7    5.50 181.8    5.60 184.0    5.70 186.3
  5.80 188.6    5.90 191.1    6.00 193.6    6.20 199.2    6.30 202.3    6.40 205.6    6.50 209.2
  6.60 213.2    6.70 217.9    6.80 223.5    6.90 231.0    6.98 240.5    7.00 250.1    6.90 271.4
  6.53 303.1    5.84 346.9    0.01   0.4  527.13  59.7

Coefficients QQ
   29.00      3.20    106.53      6.00     12.73      7.52     33.00    467.62  -3312.71   7337.09
    0.02      3.46      3.53    115.83     11.87      6.40    205.56      6.00     34.57     14.52
    5.83    132.21   -402.49    520.21      0.01      6.83      7.00    250.07     59.73    -99.00
 ====================================================

(1)  SINGLE LAYER.          FH-1.00  Dip 30.0    Amode  0.0  Valy  0.00  List 0

(1A)CHAPMAN, HM=300,SH=60   Start = -1.000

Input data
  2.80 187.3    3.00 206.3    3.30 217.9    3.60 227.2    3.90 236.0    4.20 244.8    4.50 254.0
  4.80 263.8    5.08 273.9    5.35 284.7    5.60 296.1    5.80 306.7    6.00 319.0    6.20 333.9
  6.40 353.0    6.60 379.7    6.80 425.7    6.90 472.1    0.00   0.0
PEAK  6.999 (0.020) MHz,  Height 299.7 ( 0.5) km.    ScaleHt 59.6 ( 0.6) km  SlabT  75.9 km

Real Heights
  2.80 187.3    3.00 190.4    3.30 195.0    3.60 199.6    3.90 204.2    4.20 208.9    4.50 213.8
  4.80 219.0    5.08 224.0    5.35 229.2    5.60 234.3    5.80 238.8    6.00 243.7    6.20 249.2
  6.40 255.5    6.60 263.1    6.80 273.2    6.90 280.7    6.98 290.2    7.00 299.7    6.90 321.0
  6.53 352.6    5.84 396.3    0.02   0.5  460.78  59.6

Coefficients QQ
   15.00      6.00    243.73      6.00     26.45      3.59     -7.58     86.59   -146.81     86.06
    0.08      6.83      7.00    299.73     59.57    -99.00
 ====================================================

(1B) TRUNCATED:  WITH FO    Start = -1.000

Input data
  5.35 229.2    5.60 268.9    5.80 285.3    6.00 301.2    6.20 318.5    6.40 339.4    6.60 367.6
  6.80 414.7    6.90 461.6    7.00   0.0
PEAK  7.000 (0.014) MHz,  Height 299.9 ( 0.2) km.    ScaleHt 59.8 ( 0.3) km  SlabT  61.0 km

Real Heights
  5.35 229.2    5.60 234.4    5.80 238.8    6.00 243.7    6.20 249.2    6.40 255.5    6.60 263.1
  6.80 273.2    6.90 280.7    6.98 290.3    7.00 299.9    6.90 321.2    6.53 353.0    5.84 396.8
  0.01   0.2  370.44  59.8

Coefficients QQ
   15.00      6.00    243.75      6.00     26.41      3.59     -6.85     84.44   -144.48     85.17
    0.08      6.83      7.00    299.90     59.76    -99.00
 ====================================================

(1C)        WITH FO & FX    Start = -1.000

Input data
  5.35 229.2    5.60 268.9    5.80 285.3    6.00 301.2    6.20 318.5    6.40 339.4    6.60 367.6
  6.80 414.7    6.90 461.6    7.00   0.0    7.52   0.0
PEAK  7.000 (0.012) MHz,  Height 299.9 ( 0.2) km.    ScaleHt 59.8 ( 0.2) km  SlabT  61.0 km

Real Heights
  5.35 229.2    5.60 234.4    5.80 238.8    6.00 243.7    6.20 249.2    6.40 255.5    6.60 263.1
  6.80 273.2    6.90 280.7    6.98 290.3    7.00 299.9    6.90 321.2    6.53 353.0    5.84 396.9
  0.01   0.2  370.55  59.8

Coefficients QQ
   15.00      6.00    243.75      6.00     26.41      3.59     -6.85     84.44   -144.48     85.17
    0.08      6.83      7.00    299.92     59.78    -99.00
 ====================================================

(1D)        WITH FX ONLY    Start = -1.000

Input data
  5.35 229.2    5.60 268.9    5.80 285.3    6.00 301.2    6.20 318.5    6.40 339.4    6.60 367.6
  6.80 414.7    6.90 461.6    0.00   0.0    7.52   0.0
PEAK  7.000 (0.013) MHz,  Height 299.9 ( 0.2) km.    ScaleHt 59.8 ( 0.3) km  SlabT  61.0 km

Real Heights
  5.35 229.2    5.60 234.4    5.80 238.8    6.00 243.7    6.20 249.2    6.40 255.5    6.60 263.1
  6.80 273.2    6.90 280.7    6.98 290.3    7.00 299.9    6.90 321.2    6.53 353.0    5.84 396.8
  0.01   0.2  370.53  59.8

Coefficients QQ
   15.00      6.00    243.75      6.00     26.41      3.59     -6.85     84.44   -144.48     85.17
    0.08      6.83      7.00    299.92     59.77    -99.00
 ====================================================

(1E)        WITH BAD FC     Start = -1.000

Input data
  5.35 229.2    5.60 268.9    5.80 285.3    6.00 301.2    6.20 318.5    6.40 339.4    6.60 367.6
  6.80 414.7    6.90 461.6    6.95   0.0
PEAK  6.961 (0.094) MHz,  Height 295.6 ( 1.3) km.    ScaleHt 56.2 ( 1.4) km  SlabT  56.8 km

Real Heights
  5.35 229.2    5.60 234.4    5.80 238.8    6.00 243.7    6.20 249.2    6.40 255.5    6.60 263.2
  6.80 273.0    6.90 281.2    6.95 288.4    6.96 295.6    6.87 315.6    6.49 345.5    5.81 386.7
  0.09   1.3  341.23  56.2

Coefficients QQ
   15.00      6.00    243.75      6.00     28.42     -3.73    -43.51    285.82   -441.86    225.02
    0.08      6.82      6.96    295.60     56.17    -99.00
 ====================================================

(1F)   MODEL START          Start = 90.000

Input data
  1.00 100.0    1.20 102.0    1.50 105.0    1.80 110.0    2.10 115.0    2.40 122.0    2.60 130.0
  2.80 141.0    2.95 165.0    3.00   0.0
PEAK  2.988 (0.030) MHz,  Height 120.9 ( 1.2) km.    ScaleHt 11.7 ( 0.5) km  SlabT  17.5 km

Real Heights
  0.50  90.0    0.75  93.0    1.00  95.1    1.20  96.5    1.50  98.6    1.80 101.0    2.10 103.7
  2.40 106.9    2.60 109.7    2.80 113.4    2.95 117.6    2.98 119.2    2.99 120.9    2.95 125.1
  2.79 131.3    2.49 139.9    0.03   1.2   19.40  11.7

Coefficients QQ
   15.00      1.80    101.02      6.00     10.79     -6.38    -15.49     86.45   -104.17     41.14
    0.30      2.84      2.99    120.93     11.68    -99.00
 ====================================================

(1G) MODEL ABOVE EXTRAPN.   Start =100.000

Input data
  1.00 100.0    1.20 102.0    1.50 105.0    1.80 110.0    2.10 115.0    2.40 122.0    2.60 130.0
  2.80 141.0    2.95 165.0    3.00   0.0
PEAK  2.989 (0.027) MHz,  Height 122.0 ( 1.1) km.    ScaleHt 11.8 ( 0.5) km  SlabT  16.8 km

Real Heights
  0.50  96.0    0.75  97.2    1.00  98.1    1.20  98.8    1.50 100.4    1.80 102.5    2.10 105.0
  2.40 108.0    2.60 110.7    2.80 114.3    2.95 118.5    2.98 120.2    2.99 122.0    2.95 126.2
  2.79 132.4    2.49 141.1    0.03   1.1   18.60  11.8

Coefficients QQ
   15.00      1.80    102.49      6.00      9.91     -5.89    -15.73     86.59   -104.25     41.16
    0.30      2.84      2.99    121.97     11.80    -99.00
 ====================================================

(1H) START FN AT 90 KM.     Start =  0.400

Input data
  1.00 100.0    1.20 102.0    1.50 105.0    1.80 110.0    2.10 115.0    2.40 122.0    2.60 130.0
  2.80 141.0    2.95 165.0    3.00   0.0
PEAK  2.988 (0.030) MHz,  Height 121.1 ( 1.2) km.    ScaleHt 11.7 ( 0.5) km  SlabT  17.4 km

Real Heights
  0.40  90.0    0.70  93.2    1.00  95.4    1.20  96.8    1.50  98.8    1.80 101.2    2.10 103.9
  2.40 107.0    2.60 109.8    2.80 113.5    2.95 117.7    2.98 119.4    2.99 121.1    2.95 125.2
  2.79 131.4    2.49 140.0    0.03   1.2   19.31  11.7

Coefficients QQ
   15.00      1.80    101.21      6.00     10.66     -6.29    -15.53     86.42   -104.11     41.12
    0.30      2.84      2.99    121.05     11.70    -99.00
 ====================================================

(1I) E CUSP, CONTINUOUS     Start =  0.000

Input data
  1.00 100.0    1.20 102.0    1.50 105.0    1.80 110.0    2.10 115.0    2.40 122.0    2.60 130.0
  2.80 141.0    2.95 165.0    3.00 320.0    3.20 280.0    3.40 260.0    3.60 250.0    3.80 250.0
  4.10 265.0    4.30 290.0    4.50 320.0    4.70 380.0    4.90 480.0    5.00   0.0
PEAK  4.993 (0.045) MHz,  Height 261.3 ( 3.7) km.    ScaleHt 75.9 ( 2.0) km  SlabT 107.7 km

Real Heights
  0.50  90.0    0.75  93.0    1.00  95.1    1.20  96.5    1.50  98.6    1.80 101.0    2.10 103.7
  2.40 106.9    2.60 109.7    2.80 110.6    2.95 125.3    3.00 129.3    3.20 148.8    3.40 160.3
  3.60 166.3    3.80 171.6    4.10 180.6    4.30 188.8    4.50 198.9    4.70 213.6    4.90 234.2
  4.97 247.7    4.99 261.3    4.92 288.4    4.66 328.7    4.17 384.3    0.04   3.7  332.77  75.9

Coefficients QQ
   15.00      3.80    171.60      6.00     23.39      9.59     85.14   -208.82    206.01    -63.52
    0.76      4.76      4.99    261.32     75.86    -99.00
 ====================================================

(1J) E CUSP,DISCONTINUOUS   Start =  0.000

Input data
  1.00 100.0    1.20 102.0    1.50 105.0    1.80 110.0    2.10 115.0    2.40 122.0    2.60 130.0
  2.80 141.0    2.95 165.0    3.00-320.0    3.20 280.0    3.40 260.0    3.60 250.0    3.80 250.0
  4.10 265.0    4.30 290.0    4.50 320.0    4.70 380.0    4.90 480.0    5.00   0.0
PEAK  4.993 (0.046) MHz,  Height 261.4 ( 3.6) km.    ScaleHt 76.4 ( 1.9) km  SlabT 106.8 km

Real Heights
  0.50  90.0    0.75  93.0    1.00  95.1    1.20  96.5    1.50  98.6    1.80 101.0    2.10 103.7
  2.40 106.9    2.60 109.7    2.80 110.2    2.95 120.2    3.00 130.0    3.20 149.6    3.40 159.6
  3.60 165.7    3.80 171.0    4.10 180.1    4.30 188.4    4.50 198.6    4.70 213.3    4.90 233.9
  4.97 247.7    4.99 261.4    4.93 288.7    4.66 329.2    4.17 385.3    0.05   3.6  330.31  76.4

Coefficients QQ
   15.00      3.80    170.97      6.00     23.50     12.15     85.23   -222.24    223.64    -70.12
    0.73      4.76      4.99    261.41     76.41    -99.00
 ====================================================

(2) TWO LAYERS, + VALLEY    FH-1.00  Dip 30.0    Amode  0.0  Valy  0.00  List 0

(2A) MONOTONIC (NO VALLY)   Start =  0.000

Input data
  1.00 100.0    1.20 102.0    1.50 105.0    1.80 110.0    2.10 115.0    2.40 122.0    2.60 130.0
  2.80 141.0    2.95 165.0    3.00  10.0    3.20 280.0    3.40 260.0    3.60 250.0    3.80 250.0
  4.10 265.0    4.30 290.0    4.50 320.0    4.70 380.0    4.90 480.0    5.00   0.0
PEAK  2.988 (0.030) MHz,  Height 120.9 ( 1.2) km.    ScaleHt 11.7 ( 0.5) km  SlabT  17.5 km
PEAK  4.994 (0.047) MHz,  Height 260.9 ( 3.5) km.    ScaleHt 77.2 ( 1.9) km  SlabT 107.6 km

Real Heights
  0.50  90.0    0.75  93.0    1.00  95.1    1.20  96.5    1.50  98.6    1.80 101.0    2.10 103.7
  2.40 106.9    2.60 109.7    2.80 113.4    2.95 117.6    2.98 119.2    2.99 120.9    3.20 146.4
  3.40 157.5    3.60 163.8    3.80 169.3    4.10 178.8    4.30 187.2    4.50 197.5    4.70 212.3
  4.90 233.0    4.97 246.9    4.99 260.9    4.93 288.4    4.66 329.4    4.17 386.0    0.05   3.5
332.62  77.2

Coefficients QQ
   29.00      1.80    101.02      6.00     10.79     -6.38    -15.49     86.45   -104.17     41.14
    0.30      2.84      2.99    120.93     11.68      3.80    169.34      6.00     24.70     11.72
   82.02   -214.20    216.28    -67.74      0.75      4.76      4.99    260.85     77.18    -99.00
 ====================================================

(2B) DEFAULT VALLEY CALCN   Start =  0.000

Input data
  1.00 100.0    1.20 102.0    1.50 105.0    1.80 110.0    2.10 115.0    2.40 122.0    2.60 130.0
  2.80 141.0    2.95 165.0    3.00   0.0    3.20 280.0    3.40 260.0    3.60 250.0    3.80 250.0
  4.10 265.0    4.30 290.0    4.50 320.0    4.70 380.0    4.90 480.0    5.00   0.0
PEAK  2.988 (0.030) MHz,  Height 120.9 ( 1.2) km.    ScaleHt 11.7 ( 0.5) km  SlabT  17.5 km
 2 Valley  29.0 km wide,  0.10 MHz deep.  Devn 2.00 km.  7 terms fit  7 O + 0 X + 4.  hx= 160.5
PEAK  4.991 (0.039) MHz,  Height 263.5 ( 4.0) km.    ScaleHt 73.4 ( 2.1) km  SlabT 105.0 km

Real Heights
  0.50  90.0    0.75  93.0    1.00  95.1    1.20  96.5    1.50  98.6    1.80 101.0    2.10 103.7
  2.40 106.9    2.60 109.7    2.80 113.4    2.95 117.6    2.98 119.2    2.99 120.9    2.96 125.1
  2.89 129.3    2.89 141.7    2.99 149.9    3.20 160.5    3.40 167.7    3.60 172.8    3.80 177.2
  4.10 185.3    4.30 193.1    4.50 202.9    4.70 217.4    4.90 237.5    4.97 250.5    4.99 263.5
  4.92 289.6    4.66 328.6    4.17 382.4    0.04   4.0  324.32  73.4

Coefficients QQ
   29.00      1.80    101.02      6.00     10.79     -6.38    -15.49     86.45   -104.17     41.14
    0.30      2.84      2.99    120.93     11.68      3.80    177.17      6.00     18.98     14.79
   92.47   -243.32    243.34    -76.42      0.67      4.76      4.99    263.48     73.36    -99.00
 ====================================================

(2C) 40KM VALLEY;NO FPEAK   Start =  0.000

Input data
  1.00 100.0    1.20 102.0    1.50 105.0    1.80 110.0    2.10 115.0    2.40 122.0    2.60 130.0
  2.80 141.0    2.95 165.0    3.00  -8.0    3.20 280.0    3.40 260.0    3.60 250.0    3.80 250.0
  4.10 265.0    4.30 290.0    4.50 320.0    4.70 380.0   -1.00   0.0
PEAK  2.988 (0.030) MHz,  Height 120.9 ( 1.2) km.    ScaleHt 11.7 ( 0.5) km  SlabT  17.5 km
 2 Valley  16.7 km wide,  0.06 MHz deep.  Devn 4.81 km.  7 terms fit  7 O + 0 X + 4.  hx= 151.5

Real Heights
  0.50  90.0    0.75  93.0    1.00  95.1    1.20  96.5    1.50  98.6    1.80 101.0    2.10 103.7
  2.40 106.9    2.60 109.7    2.80 113.4    2.95 117.6    2.98 119.2    2.99 120.9    2.97 124.1
  2.93 127.3    2.93 133.5    2.99 137.6    3.20 151.5    3.40 161.5    3.60 168.2    3.80 172.9
  4.10 181.6    4.30 189.8    4.50 199.9    4.70 214.1   -1.00   0.0    0.00   0.0    4.99 263.5

Coefficients QQ
   26.00      1.80    101.02      6.00     10.79     -6.38    -15.49     86.45   -104.17     41.14
    0.30      2.84      2.99    120.93     11.68      3.60    168.18      6.00     26.88    -24.23
   45.85     46.88   -110.34     52.87      0.78      4.70    -98.00
 ====================================================

(2D) MAXIMUM VALLEY.        Start =  0.000

Input data
  1.00 100.0    1.20 102.0    1.50 105.0    1.80 110.0    2.10 115.0    2.40 122.0    2.60 130.0
  2.80 141.0    2.95 165.0    3.00   5.0    3.20 280.0    3.40 260.0    3.60 250.0    3.80 250.0
  4.10 265.0    4.30 290.0    4.50 320.0    4.70 380.0    4.90 480.0    5.00   0.0
PEAK  2.988 (0.030) MHz,  Height 120.9 ( 1.2) km.    ScaleHt 11.7 ( 0.5) km  SlabT  17.5 km
 2 Valley  69.8 km wide,  0.42 MHz deep.  Devn 3.67 km.  7 terms fit  7 O + 0 X + 4.  hx= 192.6
PEAK  4.982 (0.059) MHz,  Height 270.3 ( 5.3) km.    ScaleHt 62.9 ( 2.7) km  SlabT  96.6 km

Real Heights
  0.50  90.0    0.75  93.0    1.00  95.1    1.20  96.5    1.50  98.6    1.80 101.0    2.10 103.7
  2.40 106.9    2.60 109.7    2.80 113.4    2.95 117.6    2.98 119.2    2.99 120.9    2.89 129.3
  2.57 137.7    2.57 169.5    2.99 190.8    3.20 192.6    3.40 193.3    3.60 194.4    3.80 196.7
  4.10 202.2    4.30 208.7    4.50 217.3    4.70 231.0    4.90 249.3    4.96 259.8    4.98 270.3
  4.91 292.7    4.65 326.1    4.16 372.3    0.06   5.3  297.27  62.9

Coefficients QQ
   29.00      1.80    101.02      6.00     10.79     -6.38    -15.49     86.45   -104.17     41.14
    0.30      2.84      2.99    120.93     11.68      3.80    196.74      6.00      9.04     18.01
   96.50   -251.21    248.77    -77.82      0.67      4.76      4.98    270.30     62.90    -99.00
 ====================================================

(2E) DEEP VALLEY            Start =  0.000

Input data
  1.00 100.0    1.20 102.0    1.50 105.0    1.80 110.0    2.10 115.0    2.40 122.0    2.60 130.0
  2.80 141.0    2.95 165.0    3.00  -0.5    3.20 280.0    3.40 260.0    3.60 250.0    3.80 250.0
  4.10 265.0    4.30 290.0    4.50 320.0    4.70 380.0    4.90 480.0    5.00   0.0
PEAK  2.988 (0.030) MHz,  Height 120.9 ( 1.2) km.    ScaleHt 11.7 ( 0.5) km  SlabT  17.5 km
 2 Valley  36.5 km wide,  1.00 MHz deep.  Devn 7.55 km.  7 terms fit  7 O + 0 X + 4.  hx= 167.6
PEAK  4.989 (0.033) MHz,  Height 266.7 ( 4.3) km.    ScaleHt 70.7 ( 2.2) km  SlabT 101.5 km

Real Heights
  0.50  90.0    0.75  93.0    1.00  95.1    1.20  96.5    1.50  98.6    1.80 101.0    2.10 103.7
  2.40 106.9    2.60 109.7    2.80 113.4    2.95 117.6    2.98 119.2    2.99 120.9    2.77 133.1
  1.99 145.3    1.99 152.6    2.99 157.5    3.20 167.6    3.40 174.9    3.60 179.9    3.80 183.8
  4.10 191.1    4.30 198.6    4.50 208.0    4.70 222.3    4.90 241.9    4.97 254.3    4.99 266.7
  4.92 291.9    4.65 329.5    4.16 381.4    0.03   4.3  313.36  70.7

Coefficients QQ
   29.00      1.80    101.02      6.00     10.79     -6.38    -15.49     86.45   -104.17     41.14
    0.30      2.84      2.99    120.93     11.68      3.80    183.76      6.00     15.90     15.82
   98.76   -259.45    257.85    -80.91      0.61      4.76      4.99    266.67     70.73    -99.00
 ====================================================

(2F) SHALLOW VALLEY         Start =  0.000

Input data
  1.00 100.0    1.20 102.0    1.50 105.0    1.80 110.0    2.10 115.0    2.40 122.0    2.60 130.0
  2.80 141.0    2.95 165.0    3.00  -0.0    3.20 280.0    3.40 260.0    3.60 250.0    3.80 250.0
  4.10 265.0    4.30 290.0    4.50 320.0    4.70 380.0    4.90 480.0    5.00   0.0
PEAK  2.988 (0.030) MHz,  Height 120.9 ( 1.2) km.    ScaleHt 11.7 ( 0.5) km  SlabT  17.5 km
 2 Valley  13.0 km wide,  0.02 MHz deep.  Devn 0.87 km.  7 terms fit  7 O + 0 X + 4.  hx= 152.1
PEAK  4.992 (0.042) MHz,  Height 261.7 ( 3.7) km.    ScaleHt 75.5 ( 2.0) km  SlabT 106.5 km

Real Heights
  0.50  90.0    0.75  93.0    1.00  95.1    1.20  96.5    1.50  98.6    1.80 101.0    2.10 103.7
  2.40 106.9    2.60 109.7    2.80 113.4    2.95 117.6    2.98 119.2    2.99 120.9    2.98 122.8
  2.97 124.7    2.97 130.2    2.99 133.9    3.20 152.1    3.40 161.3    3.60 167.2    3.80 172.2
  4.10 181.4    4.30 189.5    4.50 199.5    4.70 214.2    4.90 234.7    4.97 248.2    4.99 261.7
  4.92 288.6    4.66 328.7    4.17 384.1    0.04   3.7  329.21  75.5

Coefficients QQ
   29.00      1.80    101.02      6.00     10.79     -6.38    -15.49     86.45   -104.17     41.14
    0.30      2.84      2.99    120.93     11.68      3.80    172.25      6.00     24.03     12.85
   62.70   -165.90    171.06    -53.03      0.90      4.76      4.99    261.67     75.47    -99.00
 ====================================================

(2G) 1E  +  1F; with fc     Start = 90.000

Input data
  2.00 120.0    3.00   0.0    4.00 300.0    5.00   0.0
PEAK  3.000 (0.212) MHz,  Height 122.1 ( 5.7) km.    ScaleHt-10.9 ( 1.2) km  SlabT  15.0 km
 2 Valley  19.1 km wide,  0.07 MHz deep.  Devn 0.56 km.  4 terms fit  1 O + 0 X + 3.  hx= 188.4
PEAK  4.999 (0.069) MHz,  Height 225.5 ( 3.6) km.    ScaleHt-34.1 ( 1.1) km  SlabT  68.1 km

Real Heights
  0.50  90.0    1.25  99.6    2.00 107.6    2.80 114.9    3.00 122.1    2.98 125.3    2.93 128.5
  2.93 136.1    3.00 141.2    4.00 188.4    4.78 206.9    5.00 225.5    4.93 237.6    4.66 255.7
  4.17 280.7    0.07   3.6  210.92  34.1

Coefficients QQ
   22.00      0.50     90.00      2.00     13.84     -1.40      0.00      1.80      3.00    122.09
  -10.86      3.00    141.16      3.00     47.42     -1.50      1.26      0.00      4.00      5.00
  225.49    -34.06    -99.00
 ====================================================

(2H) 1E  +  1F; no fc's     Start = 90.000

Input data
  2.00 120.0    0.00   0.0    4.00 300.0    0.00   0.0
PEAK  2.376 (0.003) MHz,  Height 115.0 ( 0.1) km.    ScaleHt -8.1 ( 0.0) km  SlabT  11.8 km
 2 Valley  15.8 km wide,  0.05 MHz deep.  Devn 0.00 km.  4 terms fit  1 O + 0 X + 3.  hx= 203.0
PEAK  5.262 (0.000) MHz,  Height 243.2 ( 0.0) km.    ScaleHt-33.8 ( 0.0) km  SlabT  66.6 km

Real Heights
  0.50  90.0    1.25  99.6    2.00 107.6    2.30 111.3    2.38 115.0    2.36 117.4    2.32 119.8
  2.32 126.4    2.38 130.8    4.00 203.0    4.98 223.1    5.26 243.2    5.19 255.3    4.91 273.2
  4.39 298.0    0.00   0.0  228.49  33.8

Coefficients QQ
   22.00      0.50     90.00      2.00     13.84     -1.40      0.00      1.80      2.38    115.00
   -8.05      2.38    130.75      3.00     50.51     -3.71     -0.00      0.00      4.00      5.26
  243.20    -33.80    -99.00
 ====================================================

(2I) 2E  +  2F; with fc     Start =  0.000

Input data
  2.00 115.0    2.60 130.0    3.00   0.0    3.80 250.0    4.50 320.0    5.00   0.0
PEAK  2.996 (0.245) MHz,  Height 122.3 ( 2.6) km.    ScaleHt-10.5 ( 1.0) km  SlabT  14.2 km
 2 Valley  17.0 km wide,  0.06 MHz deep.  Devn 0.44 km.  5 terms fit  2 O + 0 X + 4.  hx= 168.7
PEAK  4.981 (0.152) MHz,  Height 227.1 (21.6) km.    ScaleHt-40.4 (11.6) km  SlabT  72.6 km

Real Heights
  0.50  95.8    1.25 102.6    2.00 107.3    2.60 112.8    2.91 117.6    3.00 122.3    2.98 125.3
  2.93 128.3    2.93 134.9    3.00 139.3    3.80 168.7    4.50 198.4    4.89 212.8    4.98 227.1
  4.91 241.5    4.65 263.0    4.16 292.6    0.15  21.6  223.49  40.4

Coefficients QQ
   24.00      0.50     95.83      3.00     13.09     -7.24      2.33      0.00      2.34      3.00
  122.30    -10.54      3.00    139.31      4.00     43.39    -13.59      5.32      1.27      0.44
    4.18      4.98    227.10    -40.40    -99.00
 ====================================================

(2J) 3E  +  3F; with fc     Start =  0.000

Input data
  1.50 105.0    2.00 115.0    2.60 130.0    3.00   0.0    3.60 250.0    4.10 265.0    4.60 346.0
  5.00   0.0
PEAK  2.992 (0.475) MHz,  Height 115.2 ( 4.2) km.    ScaleHt -9.0 ( 1.4) km  SlabT  15.5 km
 2 Valley  16.4 km wide,  0.06 MHz deep.  Devn 0.43 km.  6 terms fit  3 O + 0 X + 4.  hx= 159.4
PEAK  4.990 (0.338) MHz,  Height 247.1 ( 7.7) km.    ScaleHt 66.2 ( 3.2) km  SlabT  97.2 km

Real Heights
  0.50  81.2    1.00  88.8    1.50  94.7    2.00 101.3    2.60 107.3    2.91 111.3    2.99 115.2
  2.98 117.7    2.94 120.1    2.94 127.0    2.99 131.6    3.60 159.4    4.10 177.3    4.60 200.3
  4.90 223.7    4.99 247.1    4.92 270.7    4.66 305.8    4.16 354.4    0.34   7.7  300.02  66.2

Coefficients QQ
   26.00      0.50     81.25      4.00     18.15     -7.47      3.13     -0.36      0.00      2.34
    2.99    115.21     -9.03      2.99    131.63      5.00     51.42     -3.83    -12.76      4.86
    1.62      0.43      4.30      4.99    247.08     66.19    -99.00
 ====================================================

(3) SINGLE-POLYNOMIALS.     FH-1.20  Dip 20.0    Amode 85.0  Valy  0.00  List 0

(3A) VALLEY CALCN (cf 2B)   Start =  0.000

Input data
  1.00 100.0    1.20 102.0    1.50 105.0    1.80 110.0    2.10 115.0    2.40 122.0    2.60 130.0
  2.80 141.0    2.95 165.0    3.00   0.0    3.20 280.0    3.40 260.0    3.60 250.0    3.80 250.0
  4.10 265.0    4.30 290.0    4.50 320.0    4.70 380.0    4.90 480.0    5.00   0.0
PEAK  2.987 (0.032) MHz,  Height 122.0 ( 1.5) km.    ScaleHt 12.5 ( 0.8) km  SlabT  18.6 km
 2 Valley  28.7 km wide,  0.10 MHz deep.  Devn 1.91 km.  9 terms fit  9 O + 0 X + 4.  hx= 161.7
PEAK  4.992 (0.034) MHz,  Height 268.1 ( 4.4) km.    ScaleHt 77.6 ( 3.3) km  SlabT 108.4 km

Real Heights
  0.60  90.0    0.80  93.6    1.00  95.2    1.20  96.2    1.50  98.2    1.80 101.2    2.10 104.3
  2.40 107.1    2.60 109.4    2.80 113.7    2.95 118.4    2.98 120.2    2.99 122.0    2.96 126.5
  2.89 130.9    2.89 142.8    2.99 150.7    3.20 161.7    3.40 168.7    3.60 173.2    3.80 177.5
  4.10 185.9    4.30 193.6    4.50 203.8    4.70 219.0    4.90 240.2    4.97 254.2    4.99 268.1
  4.92 295.8    4.66 337.0    4.17 394.0    0.03   4.4  334.98  77.6

Coefficients QQ
   30.00      0.60     90.00      5.00     27.40    -57.79     66.00    -32.15      5.69      1.06
    2.83      2.99    122.02     12.50      2.99    150.74      8.00     56.99     -1.50   -157.92
  263.83   -176.21     48.72     -1.23     -1.11      1.71      4.74      4.99    268.11     77.64
  -99.00
 ====================================================

(3B)MuchData,X VALY(cf4B)   Start = -1.000

Input data
  1.00  91.7    1.20  96.2    1.60 100.2    1.80 102.1    2.00 103.9    2.20 106.0    2.40 108.2
  2.60 110.8    2.80 114.0    2.90 115.9    3.00 118.2    3.10 120.9    3.20 124.2    3.30 129.2
  3.35 132.5    3.40 136.9    3.45 143.7    3.50 157.1    3.54   0.0   -4.25 333.2   -4.35 284.0
 -4.45 264.1   -4.55 253.5   -4.64 247.4   -4.74 243.8   -4.84 241.8    3.60 276.0    3.70 247.8
  3.80 236.8    3.90 231.1    4.00 228.0    4.10 226.4    4.20 225.7    4.30 225.8    4.40 226.4
  4.60 228.8    4.80 232.5    5.00 237.2    5.20 242.9    5.30 246.0    5.40 249.7    5.50 253.3
  5.60 257.6    5.70 261.5    5.80 266.9    5.90 272.0    6.00 278.0    6.20 291.7    6.30 300.0
  6.40 309.6    6.50 320.9    6.60 334.8    6.70 352.8    6.80 378.3    6.90 422.0    7.00   0.0
PEAK  3.509 (0.115) MHz,  Height 115.5 ( 1.2) km.    ScaleHt 12.4 ( 2.3) km  SlabT  15.2 km
 2 Valley  25.9 km wide,  0.09 MHz deep.  Devn 1.89 km.  9 terms fit 29 O + 7 X + 4.  hx= 150.6
PEAK  6.994 (0.021) MHz,  Height 250.3 ( 0.7) km.    ScaleHt 58.7 ( 0.8) km  SlabT  85.8 km

Real Heights
  1.00  91.7    1.20  94.1    1.60  94.7    1.80  95.5    2.00  97.0    2.20  99.0    2.40 100.9
  2.60 102.4    2.80 103.2    2.90 103.5    3.00 103.8    3.10 104.3    3.20 105.2    3.30 106.9
  3.35 108.1    3.40 109.7    3.45 111.5    3.50 113.8    3.51 114.7    3.51 115.5    3.49 119.4
  3.42 123.2    3.42 134.2    3.51 141.5    3.60 145.2    3.70 148.3    3.80 150.6    3.90 152.6
  4.00 154.5    4.10 156.3    4.20 158.2    4.30 160.1    4.40 162.0    4.60 165.9    4.80 169.7
  5.00 173.4    5.20 177.0    5.30 178.9    5.40 180.9    5.50 183.0    5.60 185.1    5.70 187.4
  5.80 189.8    5.90 192.3    6.00 194.9    6.20 200.4    6.30 203.4    6.40 206.6    6.50 210.1
  6.60 214.0    6.70 218.8    6.80 224.6    6.90 232.0    6.97 241.1    6.99 250.3    6.90 271.2
  6.53 302.4    5.84 345.5    0.02   0.7  520.75  58.7

Coefficients QQ
   30.00      1.00     91.65      5.00     21.69    -60.84     75.24    -37.10      6.37      0.96
    3.44      3.51    115.53     12.43      3.51    141.48      8.00     48.55    -91.02    138.84
 -115.52     53.98    -13.85      1.76     -0.08      1.89      6.81      6.99    250.27     58.73
  -99.00
 ====================================================

(4) X VALLEYS.  FIXED FB    FH-1.20  Dip 20.0    Amode  0.0  Valy  0.00  List 0

(4A) TEST 4B, + DATA ERR.   Start = -1.000

Input data
  1.00  91.7    1.20  96.2    1.60 100.2    1.80 102.1    2.00 103.9    2.20 106.0    2.40 108.2
  2.60 110.8    2.80 114.0    2.90 115.9    3.00 118.2    3.10 120.9    3.20 101.1    3.30 129.2
  3.35 132.5    3.40 136.9    3.45 143.7    3.50 157.1    3.54   0.0   -4.25 333.2   -4.35 284.0
 -4.45 264.1   -4.55 253.5   -4.64 247.4   -4.74 243.8   -4.84 241.8    3.60 276.0    3.70 247.8
  3.80 236.8    3.90 231.1    4.00 228.0    4.10 226.4    4.20 225.7    4.30 225.8    4.40 226.4
  4.60 228.8    4.80 232.5    5.00 237.2    5.20 242.9    5.40 249.7    5.60 257.6    5.80 266.9
  6.00 278.0    6.20 291.7    6.30 300.0    6.40 309.6    6.50 320.9    6.60 334.8    6.70 352.8
  6.80 378.3    6.90 422.0    7.00   0.0
*****reduce: data error at f, h =   3.100 118.167   3.200  98.715   3.300 127.005
PEAK  3.529 (0.011) MHz,  Height 115.8 ( 0.3) km.    ScaleHt 11.9 ( 0.4) km  SlabT  15.2 km
 4 Valley  10.9 km wide,  0.01 MHz deep.  Devn 1.38 km.  8 terms fit  7 O + 7 X + 4.  hx= 142.6
PEAK  6.999 (0.011) MHz,  Height 249.0 ( 0.4) km.    ScaleHt 60.1 ( 0.5) km  SlabT  87.4 km

Real Heights
  1.00  91.7    1.20  92.9    1.60  95.2    1.80  96.3    2.00  97.5    2.20  98.6    2.40  99.9
  2.60 101.2    2.80 102.7    2.90 103.5    3.00 104.4    3.10 105.4    3.30 107.9    3.35 108.8
  3.40 109.8    3.45 111.1    3.50 112.9    3.52 114.4    3.53 115.8    3.53 117.3    3.51 118.9
  3.51 123.6    3.53 126.7    3.60 134.0    3.70 139.4    3.80 142.6    3.90 145.5    4.00 148.3
  4.10 150.8    4.20 153.0    4.30 155.2    4.40 157.4    4.60 161.5    4.80 165.5    5.00 169.6
  5.20 173.7    5.40 178.0    5.60 182.4    5.80 187.1    6.00 192.2    6.20 197.8    6.30 200.9
  6.40 204.2    6.50 207.9    6.60 212.0    6.70 216.6    6.80 222.3    6.90 229.8    6.98 239.4
  7.00 249.0    6.90 270.4    6.53 302.3    5.84 346.4    0.01   0.4  531.20  60.1

Coefficients QQ
   29.00      3.10    105.39      6.00     12.01     -3.29    -68.62   1123.14  -3924.90   4683.28
    0.02      3.46      3.53    115.84     11.89      6.40    204.24      6.00     34.86     14.47
    6.08    130.58   -398.77    517.39      0.01      6.83      7.00    249.01     60.07    -99.00
 ====================================================

(4) X Valley, with list.    FH-1.20  Dip 20.0    Amode  0.0  Valy -1.00  List-1

(4B) TEST4B, 2 parameters   Start = -1.000

Input data
  1.00  91.7    1.20  96.2    1.60 100.2    1.80 102.1    2.00 103.9    2.20 106.0    2.40 108.2
  2.60 110.8    2.80 114.0    2.90 115.9    3.00 118.2    3.10 120.9    3.20 124.4    3.30 129.2
  3.35 132.5    3.40 136.9    3.45 143.7    3.50 157.1    3.54   0.0   -4.25 333.2   -4.35 284.0
 -4.45 264.1   -4.55 253.5   -4.64 247.4   -4.74 243.8   -4.84 241.8    3.60 276.0    3.70 247.8
  3.80 236.8    3.90 231.1    4.00 228.0    4.10 226.4    4.20 225.7    4.30 225.8    4.40 226.4
  4.60 228.8    4.80 232.5    5.00 237.2    5.20 242.9    5.40 249.7    5.60 257.6    5.80 266.9
  6.00 278.0    6.20 291.7    6.30 300.0    6.40 309.6    6.50 320.9    6.60 334.8    6.70 352.8
  6.80 378.3    6.90 422.0    7.00   0.0
PEAK  3.529 (0.012) MHz,  Height 115.8 ( 0.3) km.    ScaleHt 11.8 ( 0.4) km  SlabT  15.2 km
#= 3.3:  20  20  8  7  123.52  3.53  3.53  4.20  63   7   0  0  7  4    6   6   121.13  3.53  0.00 16.53   7.71  -1.00  15.95   0.10
*adjust ---  20  8  7  123.52  3.53  4.20    47.55  -127.06   315.20  -387.54   182.94    -0.01    -0.00    17.80     1.34
 1 Valley  25.5 km wide,  0.10 MHz deep.  Devn 1.34 km.  8 terms fit  7 O + 7 X + 4.  hx= 149.3
#= 3.3:  20  20  8  7  132.98  3.53  4.30  4.20  63   7   0  0  7  4    6   6   124.32  3.53  0.00 16.53  17.17  -1.00  25.52   0.51
*adjust ---  20  8  7  132.98  3.53  4.20    30.25   -71.32   107.45   -39.19   -19.95     0.61     0.11    25.69     4.86
 2 Valley  42.9 km wide,  0.51 MHz deep.  Devn 4.86 km.  8 terms fit  7 O + 7 X + 4.  hx= 163.5
#= 3.3:  20  20  8  7  125.10  3.53  4.30  4.20  63   7   0  0  7  4    6   6   130.10  3.53  0.00 16.53   9.28  -1.00  42.86   0.14
*adjust ---  20  8  7  125.10  3.53  4.20    38.45   -98.18   248.74  -305.27   142.82     0.05     0.01    20.07     2.09
 3 Valley  29.4 km wide,  0.14 MHz deep.  Devn 2.09 km.  8 terms fit  7 O + 7 X + 4.  hx= 151.9
#= 3.3:  20  20  8  7  122.20  3.53  4.30  4.20  63   7   0  0  7  4    6   6   125.60  3.53  0.00 16.53   6.39  -1.00  29.35   0.07
*adjust ---  20  8  7  122.20  3.53  4.20    59.51  -175.32   435.48  -539.00   256.58    -0.08    -0.02    15.74     0.76
 4 Valley  22.1 km wide,  0.07 MHz deep.  Devn 0.76 km.  8 terms fit  7 O + 7 X + 4.  hx= 147.3
#= 3.3:  20  20  8  7  121.09  3.53  4.30  4.20  63   7   0  0  7  4    6   6   123.19  3.53  0.00 16.53   5.28  -1.00  22.13   0.05
*adjust ---  20  8  7  121.09  3.53  4.20    75.18  -245.25   609.95  -753.78   358.41    -0.14    -0.03    13.66     0.44
 5 Valley  18.9 km wide,  0.05 MHz deep.  Devn 0.44 km.  8 terms fit  7 O + 7 X + 4.  hx= 145.7
#= 3.3:  20  20  8  7  120.17  3.53  4.30  4.20  63   7   0  0  7  4    6   6   122.12  3.53  0.00 16.53   4.36  -1.00  18.94   0.03
*adjust ---  20  8  7  120.17  3.53  4.20    94.00  -337.43   847.54 -1049.94   499.48    -0.20    -0.04    11.64     0.67
 6 Valley  16.0 km wide,  0.03 MHz deep.  Devn 0.67 km.  8 terms fit  7 O + 7 X + 4.  hx= 144.4
#= 3.3:  20  20  8  7  121.01  3.53  4.30  4.20  63   7   0  0  7  4    6   6   121.14  3.53  0.00 16.53   5.19  -1.00  16.00   0.04
*adjust ---  20  8  7  121.01  3.53  4.20    76.67  -251.97   626.36  -773.45   367.50    -0.14    -0.03    13.48     0.44
 7 Valley  18.7 km wide,  0.04 MHz deep.  Devn 0.44 km.  8 terms fit  7 O + 7 X + 4.  hx= 145.6
*adjust ---  26  7  7  142.76  3.70  4.20    29.69   -27.00   302.54 -2408.90  8856.48-15066.04  9649.81     0.06
*adjust  mq  26  7  7  142.76  3.70  4.20    31.19   -44.28   230.76  -793.66  1336.08  -853.83     0.00     0.07
*adjust  mq  26  7  7  142.76  3.70  4.20    31.85   -47.15   176.04  -358.50   269.43    -0.00    -0.00     0.13
*adjust ---  27  6  6  145.59  3.80  4.30    26.76   -11.49    27.08  -144.04   345.28  -273.76     0.04
*adjust ---  28  6  6  148.17  3.90  4.40    25.12   -10.33   -19.70   170.45  -366.37   263.77     0.03
*adjust ---  29  6  6  150.57  4.00  4.60    22.87    -8.52    24.12   -63.61    92.79   -52.10     0.00
*adjust ---  30  6  6  152.79  4.10  4.80    21.69    -4.40     6.17   -12.46    19.99   -11.93     0.00
*adjust ---  31  6  6  154.92  4.20  5.00    20.97    -3.18     1.89     4.95    -9.72     5.20     0.00
*adjust ---  32  6  6  156.99  4.30  5.20    20.40    -2.36     3.85    -4.64     4.11    -1.42     0.00
*adjust ---  33  6  6  159.01  4.40  5.40    20.03    -1.46     2.17    -1.71     1.52    -0.52     0.00
*adjust ---  34  6  6  162.97  4.60  5.60    19.67    -0.49     1.17     0.53    -0.79     0.36     0.00
*adjust ---  35  6  6  166.90  4.80  5.80    19.62     0.31     1.40    -0.58     0.54    -0.12     0.00
*adjust ---  36  6  6  170.84  5.00  6.00    19.90     1.04     1.10     0.20    -0.13     0.15     0.00
*adjust ---  37  6  6  174.88  5.20  6.20    20.46     1.73     1.18     0.54    -0.57     0.48     0.00
*adjust ---  38  6  6  179.05  5.40  6.30    21.30     2.56     1.56    -0.52     1.31    -0.20     0.00
*adjust ---  39  6  6  183.42  5.60  6.40    22.52     3.37     1.32     3.28    -3.62     2.45     0.00
*adjust ---  40  6  6  188.08  5.80  6.50    24.12     4.67     2.75     2.23    -2.87     3.82     0.00
*adjust ---  41  6  6  193.11  6.00  6.60    26.38     6.68     3.97     2.50    -0.51     5.61     0.00
*adjust ---  42  6  6  198.69  6.20  6.70    29.63     9.48     7.28    10.85   -20.60    37.35     0.00
*adjust ---  43  6  6  201.76  6.30  6.80    31.80    12.00     9.04    23.48   -55.90    97.60     0.00
*adjust ---  44  6  6  205.07  6.40  6.90    34.67    14.52     6.06   130.60  -398.85   517.48     0.01
PEAK  6.999 (0.010) MHz,  Height 249.7 ( 0.4) km.    ScaleHt 59.9 ( 0.5) km  SlabT  87.0 km

Real Heights
  1.00  91.7    1.20  92.9    1.60  95.2    1.80  96.3    2.00  97.5    2.20  98.6    2.40  99.9
  2.60 101.2    2.80 102.7    2.90 103.5    3.00 104.4    3.10 105.4    3.20 106.6    3.30 108.0
  3.35 108.8    3.40 109.8    3.45 111.1    3.50 112.9    3.52 114.4    3.53 115.8    3.52 118.4
  3.49 121.0    3.49 129.1    3.53 134.5    3.60 138.9    3.70 142.8    3.80 145.6    3.90 148.2
  4.00 150.6    4.10 152.8    4.20 154.9    4.30 157.0    4.40 159.0    4.60 163.0    4.80 166.9
  5.00 170.8    5.20 174.9    5.40 179.0    5.60 183.4    5.80 188.1    6.00 193.1    6.20 198.7
  6.30 201.8    6.40 205.1    6.50 208.7    6.60 212.7    6.70 217.4    6.80 223.0    6.90 230.5
  6.98 240.1    7.00 249.7    6.90 271.0    6.53 302.8    5.84 346.7    0.01   0.4  528.74  59.9

Coefficients QQ
   29.00      3.20    106.55      6.00     13.09      3.40     19.71    773.65  -4556.94   8921.95
    0.01      3.46      3.53    115.81     11.81      6.40    205.07      6.00     34.67     14.52
    6.06    130.60   -398.85    517.48      0.01      6.83      7.00    249.67     59.86    -99.00
 ====================================================

(5) X START, VARYING FB     FH 1.00  Dip 30.0    Amode  0.0  Valy  0.00  List 1

(5A)TEST 6B NIGHT,DIP 30    Start =  0.000

Input data
 -1.68 343.1   -1.76 320.5   -1.83 305.8   -1.91 295.7   -1.98 288.6   -2.06 283.5    1.14 289.7
  1.22 280.6    1.30 274.5    1.38 270.5    1.46 267.6    1.54 265.7    1.62 264.3    1.70 263.4
  1.80 262.7    1.90 262.4    2.00 262.3    2.20 262.8   -1.00   0.0
#= 3.3:   1  -1  9  8  222.48  0.68  0.68  1.62  44   7   0  0  6  3    6   6   157.72  0.00  0.00  0.00   0.00   0.00   0.00   0.34
*adjust----  lk jm mt    ha     fa    fm      q1        2        3        4        5        6        7        8
*adjust ---  -1  9  8  222.48  0.68  1.62  -659.11  4681.82-12504.26 16626.44-11026.46  2916.38    -2.48    82.84   -18.98     0.48

*adjust q(1) -1  9  8  222.48  0.68  1.62     2.00  1308.08 -4334.17  6182.45 -4204.01  1112.91     2.84    53.08   -56.17     0.96

 1 Start Ofset -56.2 km,  Slab  53.1 km.  Devn 0.96 km.  9 terms fit  7 O + 6 X + 3.  hx= 229.2
#= 3.3:   1  -1  9  8  222.48  0.68  1.70  1.62  44   7   0  0  6  3    6   6   157.72  0.00  0.00  0.00   0.00   0.00   0.00   0.34
*adjust----  lk jm mt    ha     fa    fm      q1        2        3        4        5        6        7        8
*adjust ---  -1  9  8  222.48  0.68  1.62  -659.29  4669.11-12443.77 16518.13-10939.28  2889.94    -2.56    83.35   -19.13     0.49

*adjust q(1) -1  9  8  222.48  0.68  1.62     2.00  1307.22 -4309.01  6118.38 -4142.22  1091.25     3.31    53.33   -57.60     1.00

 2 Start Ofset -57.6 km,  Slab  53.3 km.  Devn 1.00 km.  9 terms fit  7 O + 6 X + 3.  hx= 228.5
*adjust ---   4  6  6  221.73  1.14  1.54    60.99  -181.47   345.06   203.22 -1943.69  2161.93     0.17
*adjust  mq   4  6  6  221.73  1.14  1.54    59.61  -159.69   278.69  -107.58  -171.66     0.00     0.20
*adjust ---   5  6  6  225.63  1.22  1.62    38.91   -99.93   271.86  -261.10  -497.91   924.38     0.06
*adjust ---   6  6  6  228.24  1.30  1.70    27.14   -43.97   207.95  -929.90  2092.73 -1759.16     0.03
*adjust  mq   6  6  6  228.24  1.30  1.70    27.56   -46.48   153.79  -371.43   352.97    -0.00     0.06
*adjust ---   7  6  6  230.20  1.38  1.80    22.67   -21.12    19.93   -63.00   228.95  -254.36     0.02
*adjust  mq   7  6  6  230.20  1.38  1.80    22.74   -21.49    11.21    23.05   -30.90    -0.00     0.02
*adjust ---   8  6  6  231.88  1.46  1.90    19.69   -18.25     0.85   130.93  -353.55   296.28     0.02
*adjust ---   9  6  6  233.35  1.54  2.00    16.96   -14.32    27.27   -45.06    34.89    -2.62     0.00
*adjust ---  10  6  6  234.62  1.62  2.20    15.09    -9.26    16.27   -45.51    81.70   -55.06     0.00

Real Heights
  0.34 111.6    0.68 164.9    0.91 196.4    1.14 221.7    1.22 225.6    1.30 228.2    1.38 230.2
  1.46 231.9    1.54 233.3    1.62 234.6    1.70 235.8    1.80 237.1    1.90 238.3    2.00 239.4
  2.20 241.6   -1.00   0.0    0.00   0.0    2.20 262.8

Coefficients QQ
   12.00      1.62    234.62      6.00     15.09     -9.26     16.27    -45.51     81.70    -55.06
    0.00      2.20    -98.00
 ====================================================

CANBERRA FIELD(WRONG FH)    FH 1.52  Dip 57.3    Amode  0.0  Valy  0.00  List 1

(5B) BAD START DATA         Start =  0.000

Input data
 -2.55 173.0   -2.63 173.0   -2.71 176.0   -2.76 186.0    1.63 150.0    1.70 150.0    1.77 151.0
  1.83 162.0    1.86 178.0    1.89 196.0    1.93 189.0    2.01 187.0    2.06 200.0    2.08 231.0
  2.09 252.0    2.10 299.0    0.00   0.0
#= 3.3:   1  -1  7  6  140.00  0.98  0.98  1.93  46   7   0  0  2  3    6   6   125.00  0.00  0.00  0.00   0.00   0.00   0.00   0.49
*adjust----  lk jm mt    ha     fa    fm      q1        2        3        4        5        6
*adjust ---  -1  7  6  140.00  0.98  1.93  1152.52 -2740.97  2350.78  -543.53  -115.55    -0.67    -8.28     4.65
*adjust q(1) -1  7  6  140.00  0.98  1.93   280.99  -394.53  -270.35   731.36  -316.06    93.96    13.61     5.12
*adjustOfset -1  7  6  140.00  0.98  1.93   280.99  -354.88  -328.63   763.27  -321.48    63.28    -0.10     5.13
  1 STAVAL: Qm reduced from  -0.1 to -10.1, to avoid -ve slope at f,h =   1.78 176.57   Devn increases  5.13 to  5.16
  1 STAVAL: Qm reduced from -10.1 to -20.1, to avoid -ve slope at f,h =   1.78 171.57   Devn increases  5.16 to  5.19
  1 STAVAL: Qm reduced from -20.1 to -30.1, to avoid -ve slope at f,h =   1.78 166.56   Devn increases  5.19 to  5.24
  1 STAVAL: Qm reduced from -30.1 to -45.2, to avoid -ve slope at f,h =   1.78 161.54   Devn increases  5.24 to  5.33
  1 STAVAL: Qm reduced from -45.2 to -67.8, to avoid -ve slope at f,h =   1.78 154.00   Devn increases  5.33 to  5.51
  1 STAVAL: Qm reduced from -67.8 to-101.7, to avoid -ve slope at f,h =   1.70 142.06   Devn increases  5.51 to  5.87
 1 Start Ofset-101.7 km,  Slab-163.9 km.  Devn 5.87 km.  7 terms fit  7 O + 2 X + 3.  hx= 123.7
#= 3.3:   1  -1  7  6  140.00  0.98  1.89  1.93  46   7   0  0  2  3    6   6   125.00  0.00  0.00  0.00   0.00   0.00   0.00   0.49
*adjust----  lk jm mt    ha     fa    fm      q1        2        3        4        5        6
*adjust ---  -1  7  6  140.00  0.98  1.93  1052.96 -2480.28  2089.45  -441.70  -122.89     4.67   -11.60     4.73
*adjust q(1) -1  7  6  140.00  0.98  1.93   277.79  -381.93  -278.03   729.41  -313.98    89.97     9.31     5.12
*adjustOfset -1  7  6  140.00  0.98  1.93   277.79  -354.12  -319.70   752.96  -318.26    68.55    -0.10     5.12
 X ray Weights Reduced to 1/4.
#= 3.3:   1  -1  7  6  140.00  0.98  1.89  1.93  46   7   0  0  2  3    6   6   125.00  0.00  0.00  0.00   0.00   0.00   0.00   0.49
*adjust----  lk jm mt    ha     fa    fm      q1        2        3        4        5        6
*adjust ---  -1  7  6  140.00  0.98  1.93  1401.45 -3388.52  3007.77  -810.57   -90.80    -7.35    -3.53     4.56
*adjust q(1) -1  7  6  140.00  0.98  1.93   287.21  -420.20  -216.64   685.14  -302.09    81.42     9.96     5.10
*adjustOfset -1  7  6  140.00  0.98  1.93   287.21  -393.93  -252.50   702.64  -304.36    60.15    -0.10     5.10
  3 STAVAL: Qm reduced from  -0.1 to -10.1, to avoid -ve slope at f,h =   1.79 176.30   Devn increases  5.10 to  5.12
  3 STAVAL: Qm reduced from -10.1 to -20.1, to avoid -ve slope at f,h =   1.79 171.17   Devn increases  5.12 to  5.15
  3 STAVAL: Qm reduced from -20.1 to -30.1, to avoid -ve slope at f,h =   1.79 166.04   Devn increases  5.15 to  5.19
  3 STAVAL: Qm reduced from -30.1 to -45.2, to avoid -ve slope at f,h =   1.79 160.89   Devn increases  5.19 to  5.26
  3 STAVAL: Qm reduced from -45.2 to -67.8, to avoid -ve slope at f,h =   1.79 153.16   Devn increases  5.26 to  5.42
  3 STAVAL: Qm reduced from -67.8 to-101.7, to avoid -ve slope at f,h =   1.70 140.76   Devn increases  5.42 to  5.75
 3 Start Ofset-101.7 km,  Slab-154.7 km.  Devn 5.75 km.  7 terms fit  7 O + 2 X + 3.  hx= 122.0
*adjust ---   4  6  6  120.95  1.63  1.89   -11.98   764.34 -5577.60  7382.84 56461.42*********     0.60
*adjust q(1)  4  6  6  120.95  1.63  1.89     2.00   423.02 -3115.59  4171.81 32773.55-76727.41     0.71
*adjust  mq   4  6  6  120.95  1.63  1.89     2.01   248.99  -802.85 -2011.14 12347.67    -0.00     1.50
*adjust  mq   4  6  6  120.95  1.63  1.89     2.06    77.60   370.64  -850.25     0.00     0.00     3.93
*adjust ---   5  6  6  122.00  1.70  1.93    29.51     4.64 -1956.10 16992.99-10476.47-95706.60     0.86
*adjust  mq   5  6  6  122.00  1.70  1.93    32.82   -37.34 -2491.14 27866.69-67438.40    -0.00     0.87
*adjust  mq   5  6  6  122.00  1.70  1.93    15.69   -20.64  1483.50 -4006.83    -0.00    -0.00     2.48
*adjust ---   6  6  6  123.84  1.77  2.01    45.30  -393.06  1384.49 78970.05******************     0.49
*adjust  mq   6  6  6  123.84  1.77  2.01    11.67   294.39  3240.93-34996.86 77973.99     0.00     1.32
*adjust  mq   6  6  6  123.84  1.77  2.01    30.62   153.62   -99.30 -1166.42     0.00     0.00     2.79
*adjust ---   7  6  6  125.72  1.83  2.06    36.74   460.11  1626.88-85760.99526557.81*********     1.16
*adjust  mq   7  6  6  125.72  1.83  2.06    51.88   203.88 -2424.47  7174.60 -3748.62    -0.00     1.52
*adjust  mq   7  6  6  125.72  1.83  2.06    51.53   194.36 -2138.20  5275.39    -0.00    -0.00     1.53
*adjust ---   8  6  6  127.26  1.86  2.08    58.73    94.96 -4520.74 46937.83*********425216.41     1.03
*adjust  mq   8  6  6  127.26  1.86  2.08    58.51  -132.90  2104.85-19268.86 52293.11     0.00     1.24
*adjust  mq   8  6  6  127.26  1.86  2.08    54.03   150.71 -2502.72  7731.22     0.00     0.00     1.54
*adjust ---   9  6  6  128.93  1.89  2.09    65.84   -42.96 -9010.30133916.62******************     0.45
*adjust  mq   9  6  6  128.93  1.89  2.09    54.13   -58.45  1186.69-20595.50 78926.10     0.00     0.84
*adjust  mq   9  6  6  128.93  1.89  2.09    51.96   211.05 -4077.72 15066.02     0.00     0.00     1.32
*adjust ---  10  6  6  131.49  1.93  2.10    70.98  -875.96 -4639.58305608.72******************     0.56
PEAK  2.099 (0.030) MHz,  Height 142.4 ( 1.4) km.    ScaleHt 14.1 ( 3.8) km  SlabT  24.0 km

Real Heights
  0.49 193.0    0.98  38.3    1.31 105.8    1.63 120.9    1.70 122.0    1.77 123.8    1.83 125.7
  1.86 127.3    1.89 128.9    1.93 131.5    2.01 134.3    2.06 136.8    2.08 138.8    2.09 139.7
  2.10 140.9    2.10 141.6    2.10 142.4    2.07 147.4    1.96 154.9    1.75 165.2    0.03   1.4
 13.12  14.1

Coefficients QQ
   15.00      1.93    131.49      6.00     70.98   -875.96  -4639.58 305608.72**********8199481.00
    0.56      2.06      2.10    142.35     14.08    -99.00
 ====================================================
