Chapman Layer, E + F.     -1.2  20.   0.   0.    0
(A) Accurate data.         -1. 1.0  9165 1.2  9622 1.6 10022 1.8 10205 2.0 10394
 2.2 10597 2.4 10823 2.6 11084 2.8 11401 2.9 11593 3.0 11818 3.1 12090 3.2 12420
 3.3 12918 3.3513249 3.4 13694 3.4514367 3.5 15712 3535  0.0 3.6 27600 3.7 24780
 3.8 23682 3.9 23113 4.0 22799 4.1 22635 4.2 22571 4.3 22577 4.4 22637 4.6 22880
 4.8 23250 5.0 23723 5.2 24295 5.3 24600 5.4 24968 5.5 25333 5.6 25757 5.7 26150
 5.8 26686 5.9 27200 6.0 27797 6.2 29174 6.3 30000 6.4 30957 6.5 32092 6.6 33483
 6.7 35282 6.8 37828 6.9 42200 7.0

(1)  SINGLE LAYER.        -1.0  30.   0.   0.    0
(1A)CHAPMAN, HM=300,SH=60  -1. 2.8 18729 3.0 20633 3.3 21791 3.6 22720 3.9 23597
 4.2 24478 4.5 25396 4.8 26380 5.0827385 5.3528469 5.6 29615 5.8 30670 6.0 31901
 6.2 33391 6.4 35296 6.6 37973 6.8 42566 6.9 47209 
(1B) TRUNCATED:  WITH FO   -1. 5.3522918 5.6 26893 5.8 28532 6.0 30116 6.2 31850
 6.4 33940 6.6 36759 6.8 41468 6.9 46161 7.0
(1C)        WITH FO & FX   -1. 5.3522918 5.6 26893 5.8 28532 6.0 30116 6.2 31850
 6.4 33940 6.6 36759 6.8 41468 6.9 46161 7.0      7.518
(1D)        WITH FX ONLY   -1. 5.3522918 5.6 26893 5.8 28532 6.0 30116 6.2 31850
 6.4 33940 6.6 36759 6.8 41468 6.9 46161 0.0      7.518
(1E)        WITH BAD FC    -1. 5.3522918 5.6 26893 5.8 28532 6.0 30116 6.2 31850
 6.4 33940 6.6 36759 6.8 41468 6.9 46161 6.95
(1F)   MODEL START         90. 100010000 120010200 150010500 180011000 210011500
 240012200 260013000 280014100 295016500 3.0
(1G) MODEL ABOVE EXTRAPN. 100. 100010000 120010200 150010500 180011000 210011500
 240012200 260013000 280014100 295016500 3.0
(1H) START FN AT 90 KM.    0.4 100010000 120010200 150010500 180011000 210011500
 240012200 260013000 280014100 295016500 3.0
(1I) E CUSP, CONTINUOUS     0. 100010000 120010200 150010500 180011000 210011500
 240012200 260013000 280014100 295016500 300032000 320028000 340026000 360025000
 380025000 410026500 430029000 450032000 470038000 490048000 5000
(1J) E CUSP,DISCONTINUOUS   0. 100010000 120010200 150010500 180011000 210011500
 240012200 260013000 280014100 295016500 3000-320. 320028000 340026000 360025000
 380025000 410026500 430029000 450032000 470038000 490048000 5000

(2) TWO LAYERS, + VALLEY  -1.0  30.   0.   0.
(2A) MONOTONIC (NO VALLY)   0. 100010000 120010200 150010500 180011000 210011500
 240012200 260013000 280014100 295016500 3000  10. 320028000 340026000 360025000
 380025000 410026500 430029000 450032000 470038000 490048000 5000
(2B) DEFAULT VALLEY CALCN   0. 100010000 120010200 150010500 180011000 210011500
 240012200 260013000 280014100 295016500 3000   0. 320028000 340026000 360025000
 380025000 410026500 430029000 450032000 470038000 490048000 5000
(2C) 40KM VALLEY;NO FPEAK   0. 100010000 120010200 150010500 180011000 210011500
 240012200 260013000 280014100 295016500 3000  -8. 320028000 340026000 360025000
 380025000 410026500 430029000 450032000 470038000  -1.
(2D) MAXIMUM VALLEY.        0. 100010000 120010200 150010500 180011000 210011500
 240012200 260013000 280014100 295016500 3000   5. 320028000 340026000 360025000
 380025000 410026500 430029000 450032000 470038000 490048000 5000
(2E) DEEP VALLEY            0. 100010000 120010200 150010500 180011000 210011500
 240012200 260013000 280014100 295016500 3000 -0.5 320028000 340026000 360025000
 380025000 410026500 430029000 450032000 470038000 490048000 5000
(2F) SHALLOW VALLEY         0. 100010000 120010200 150010500 180011000 210011500
 240012200 260013000 280014100 295016500 3000 -.01 320028000 340026000 360025000
 380025000 410026500 430029000 450032000 470038000 490048000 5000
(2G) 1E  +  1F; with fc    90. 200012000  3.0 0.0  400030000  5.0
(2H) 1E  +  1F; no fc's    90. 200012000  0.0 0.0  400030000  0.0
(2I) 2E  +  2F; with fc     0. 200011500 260013000 3.0 0.0   380025000 450032000
  5.0
(2J) 3E  +  3F; with fc     0. 150010500 200011500 260013000 3.0 0.0   360025000
 410026500 4600346000  5.0

(3) SINGLE-POLYNOMIALS.   -1.2  20.  85.   0.    0
(3A) VALLEY CALCN (cf 2B)   0. 100010000 120010200 150010500 180011000 210011500
 240012200 260013000 280014100 295016500 3000   0. 320028000 340026000 360025000
 380025000 410026500 430029000 450032000 470038000 490048000 5000
(3B)MuchData,X VALY(cf4B)  -1. 1.0  9165 1.2  9622 1.6 10022 1.8 10205 2.0 10394
 2.2 10597 2.4 10823 2.6 11084 2.8 11401 2.9 11593 3.0 11818 3.1 12090 3.2 12420
 3.3 12918 3.3513249 3.4 13694 3.4514367 3.5 15712 3535  0.0-425033325-434828397
-444726408-454625351-464524740-474424381-484324184 3.6 27600 3.7 24780 3.8 23682
 3.9 23113 4.0 22799 4.1 22635 4.2 22571 4.3 22577 4.4 22637 4.6 22880 4.8 23250
 5.0 23723 5.2 24295 5.3 24600 5.4 24968 5.5 25333 5.6 25757 5.7 26150 5.8 26686
 5.9 27200 6.0 27797 6.2 29174 6.3 30000 6.4 30957 6.5 32092 6.6 33483 6.7 35282
 6.8 37828 6.9 42200 7.0

(4) X VALLEYS.  FIXED FB  -1.2  20.   0.   0.
(4A) TEST 4B, + DATA ERR.  -1. 1.0  9165 1.2  9622 1.6 10022 1.8 10205 2.0 10394
 2.2 10597 2.4 10823 2.6 11084 2.8 11401 2.9 11593 3.0 11818 3.1 12090 3.2 10114
 3.3 12918 3.3513249 3.4 13694 3.4514367 3.5 15712 3535  0.0-425033325-434828397
-444726408-454625351-464524740-474424381-484324184 3.6 27600 3.7 24780 3.8 23682
 3.9 23113 4.0 22799 4.1 22635 4.2 22571 4.3 22577 4.4 22637 4.6 22880 4.8 23250
 5.0 23723 5.2 24295 5.4 24968 5.6 25757 5.8 26686 6.0 27797 6.2 29174 6.3 30000
 6.4 30957 6.5 32092 6.6 33483 6.7 35282 6.8 37828 6.9 42200 7.0

(4) X Valley, with list.  -1.2  20.  0.0 -1.0   -1
(4B) TEST4B, 2 parameters  -1. 1.0  9165 1.2  9622 1.6 10022 1.8 10205 2.0 10394
 2.2 10597 2.4 10823 2.6 11084 2.8 11401 2.9 11593 3.0 11818 3.1 12090 3.2 12437
 3.3 12918 3.3513249 3.4 13694 3.4514367 3.5 15712 3535  0.0-425033325-434828397
-444726408-454625351-464524740-474424381-484324184 3.6 27600 3.7 24780 3.8 23682
 3.9 23113 4.0 22799 4.1 22635 4.2 22571 4.3 22577 4.4 22637 4.6 22880 4.8 23250
 5.0 23723 5.2 24295 5.4 24968 5.6 25757 5.8 26686 6.0 27797 6.2 29174 6.3 30000
 6.4 30957 6.5 32092 6.6 33483 6.7 35282 6.8 37828 6.9 42200 7.0

(5) X START, VARYING FB    1.0  30.   0.   0.    1
(5A)TEST 6B NIGHT,DIP 30    0.-168234309-175732046-183230575-190729572-198328863
-206028351 114028970 122028056 130027455 138027046 146026763 154026566 162026430
 170026338 180026268 190026236 200026232 220026281 -1.

CANBERRA FIELD(WRONG FH) 1.52  57.3   0.   0.    1
(5B) BAD START DATA         0.-255217300-263317300-270617600-275818600 163515000
 169915000 177415100 182816200 185617800 188719600 193418900 200818700 206220000
 208423100 208925200 209629900


+9. for QuikLook output-> +9.0

